-5.7369e-05
-0.00011389
-0.00040034
-0.00075781
-0.0013589
-0.0021588
-0.0032201
-0.0045544
-0.0061899
-0.008148
-0.01045
-0.013116
-0.016166
-0.019618
-0.02349
-0.027795
-0.032547
-0.037752
-0.043416
-0.049539
-0.056119
-0.063148
-0.070618
-0.078516
-0.086826
-0.095531
-0.10461
-0.11404
-0.1238
-0.13387
-0.14422
-0.15482
-0.16565
-0.17668
-0.18788
-0.19923
-0.2107
-0.22227
-0.2339
-0.24557
-0.25727
-0.26896
-0.28063
-0.29225
-0.3038
-0.31527
-0.32664
-0.33789
-0.349
-0.35997
-0.37078
-0.38141
-0.39187
-0.40213
-0.41219
-0.42205
-0.4317
-0.44112
-0.45032
-0.4593
-0.46805
-0.47656
-0.48484
-0.49289
-0.5007
-0.50828
-0.51562
-0.52273
-0.5296
-0.53625
-0.54266
-0.54885
-0.55482
-0.56056
-0.56609
-0.5714
-0.57649
-0.58138
-0.58606
-0.59054
-0.59482
-0.5989
-0.60279
-0.60649
-0.61001
-0.61334
-0.6165
-0.61948
-0.62229
-0.62493
-0.62741
-0.62973
-0.63188
-0.63389
-0.63574
-0.63744
-0.639
-0.64042
-0.64169
-0.64283
-0.64383
-0.64471
-0.64545
-0.64607
-0.64656
-0.64693
-0.64718
-0.64732
-0.64734
-0.64725
-0.64705
-0.64674
-0.64632
-0.6458
-0.64518
-0.64446
-0.64364
-0.64272
-0.6417
-0.6406
-0.6394
-0.63811
-0.63673
-0.63526
-0.63371
-0.63207
-0.63035
-0.62855
-0.62667
-0.6247
-0.62267
-0.62055
-0.61836
-0.61609
-0.61376
-0.61134
-0.60886
-0.60631
-0.60369
-0.60101
-0.59826
-0.59544
-0.59255
-0.58961
-0.5866
-0.58353
-0.5804
-0.57721
-0.57396
-0.57066
-0.56729
-0.56387
-0.5604
-0.55687
-0.55329
-0.54965
-0.54597
-0.54223
-0.53844
-0.53461
-0.53072
-0.52679
-0.52281
-0.51878
-0.51471
-0.51059
-0.50643
-0.50223
-0.49798
-0.49369
-0.48936
-0.48499
-0.48058
-0.47613
-0.47165
-0.46712
-0.46256
-0.45796
-0.45332
-0.44865
-0.44394
-0.4392
-0.43443
-0.42962
-0.42478
-0.41991
-0.41501
-0.41008
-0.40512
-0.40012
-0.3951
-0.39005
-0.38498
-0.37987
-0.37474
-0.36958
-0.3644
-0.35919
-0.35395
-0.3487
-0.34341
-0.33811
-0.33278
-0.32743
-0.32206
-0.31666
-0.31125
-0.30581
-0.30036
-0.29488
-0.28939
-0.28387
-0.27834
-0.27279
-0.26722
-0.26164
-0.25604
-0.25042
-0.24479
-0.23914
-0.23347
-0.22779
-0.2221
-0.21639
-0.21067
-0.20493
-0.19918
-0.19342
-0.18765
-0.18186
-0.17606
-0.17025
-0.16443
-0.1586
-0.15276
-0.14691
-0.14105
-0.13517
-0.12929
-0.1234
-0.11751
-0.1116
-0.10569
-0.099764
-0.093834
-0.087897
-0.081953
-0.076003
-0.070046
-0.064083
-0.058114
-0.05214
-0.04616
-0.040175
-0.034185
-0.028191
-0.022192
-0.01619
-0.010183
-0.0041733
0.0018396
0.0078562
0.013876
0.019899
0.025925
0.031952
0.037982
0.044014
0.050047
0.056082
0.062118
0.068155
0.074192
0.08023
0.086268
0.092306
0.098344
0.10438
0.11042
0.11646
0.12249
0.12853
0.13456
0.14059
0.14662
0.15265
0.15867
0.16469
0.17071
0.17673
0.18275
0.18876
0.19477
0.20077
0.20677
0.21277
0.21876
0.22475
0.23073
0.23671
0.24268
0.24865
0.25462
0.26057
0.26652
0.27247
0.27841
0.28434
0.29027
0.29619
0.3021
0.30801
0.31391
0.3198
0.32568
0.33156
0.33743
0.34328
0.34913
0.35498
0.36081
0.36663
0.37245
0.37825
0.38404
0.38983
0.3956
0.40137
0.40712
0.41286
0.41859
0.42431
0.43002
0.43571
0.4414
0.44707
0.45273
0.45837
0.46401
0.46962
0.47523
0.48082
0.4864
0.49197
0.49752
0.50305
0.50857
0.51408
0.51957
0.52504
0.5305
0.53594
0.54137
0.54678
0.55217
0.55755
0.56291
0.56825
0.57357
0.57887
0.58416
0.58942
0.59467
0.5999
0.60511
0.6103
0.61547
0.62061
0.62574
0.63085
0.63593
0.641
0.64604
0.65106
0.65606
0.66103
0.66598
0.67091
0.67582
0.6807
0.68555
0.69039
0.69519
0.69998
0.70473
0.70946
0.71417
0.71885
0.7235
0.72813
0.73273
0.7373
0.74184
0.74635
0.75084
0.7553
0.75973
0.76412
0.76849
0.77283
0.77714
0.78142
0.78567
0.78988
0.79407
0.79822
0.80234
0.80643
0.81048
0.8145
0.81849
0.82244
0.82636
0.83024
0.83409
0.83791
0.84168
0.84543
0.84913
0.8528
0.85643
0.86003
0.86359
0.86711
0.87059
0.87403
0.87743
0.8808
0.88412
0.88741
0.89065
0.89386
0.89702
0.90014
0.90322
0.90626
0.90926
0.91221
0.91512
0.91799
0.92082
0.9236
0.92633
0.92902
0.93167
0.93427
0.93683
0.93934
0.9418
0.94422
0.94659
0.94891
0.95119
0.95342
0.9556
0.95773
0.95981
0.96185
0.96383
0.96577
0.96765
0.96949
0.97127
0.97301
0.97469
0.97632
0.9779
0.97943
0.98091
0.98233
0.9837
0.98502
0.98628
0.98749
0.98865
0.98975
0.9908
0.99179
0.99273
0.99361
0.99444
0.99521
0.99592
0.99657
0.99717
0.99771
0.9982
0.99862
0.99899
0.9993
0.99955
0.99974
0.99988
0.99997
1
1
1
1
1
1
1
1
1
1
1
0.99999
0.99991
0.99979
0.9996
0.99937
0.99907
0.99872
0.99831
0.99784
0.99732
0.99673
0.99609
0.99539
0.99464
0.99382
0.99296
0.99203
0.99106
0.99002
0.98894
0.98779
0.9866
0.98535
0.98404
0.98269
0.98128
0.97982
0.9783
0.97673
0.97512
0.97345
0.97173
0.96995
0.96813
0.96626
0.96434
0.96236
0.96034
0.95827
0.95615
0.95399
0.95177
0.94951
0.9472
0.94484
0.94243
0.93998
0.93749
0.93494
0.93235
0.92972
0.92704
0.92432
0.92155
0.91874
0.91588
0.91298
0.91004
0.90706
0.90403
0.90096
0.89785
0.8947
0.89151
0.88828
0.885
0.88169
0.87834
0.87495
0.87151
0.86804
0.86454
0.86099
0.85741
0.85379
0.85013
0.84643
0.8427
0.83893
0.83513
0.83129
0.82742
0.82351
0.81957
0.81559
0.81158
0.80754
0.80346
0.79936
0.79521
0.79104
0.78683
0.7826
0.77833
0.77403
0.7697
0.76534
0.76095
0.75654
0.75209
0.74761
0.74311
0.73857
0.73401
0.72942
0.72481
0.72017
0.7155
0.7108
0.70608
0.70133
0.69656
0.69176
0.68693
0.68209
0.67721
0.67232
0.6674
0.66246
0.65749
0.6525
0.64749
0.64246
0.6374
0.63232
0.62722
0.6221
0.61696
0.6118
0.60662
0.60142
0.5962
0.59096
0.5857
0.58042
0.57513
0.56981
0.56448
0.55913
0.55376
0.54838
0.54297
0.53755
0.53212
0.52667
0.5212
0.51571
0.51022
0.5047
0.49917
0.49363
0.48807
0.4825
0.47691
0.47131
0.46569
0.46007
0.45443
0.44877
0.44311
0.43743
0.43174
0.42603
0.42032
0.41459
0.40886
0.40311
0.39735
0.39158
0.3858
0.38001
0.37421
0.3684
0.36258
0.35675
0.35092
0.34507
0.33921
0.33335
0.32748
0.3216
0.31571
0.30981
0.30391
0.298
0.29208
0.28616
0.28023
0.27429
0.26834
0.26239
0.25644
0.25048
0.24451
0.23854
0.23256
0.22658
0.22059
0.2146
0.2086
0.2026
0.1966
0.19059
0.18458
0.17857
0.17255
0.16653
0.1605
0.15448
0.14845
0.14242
0.13639
0.13035
0.12432
0.11828
0.11224
0.10621
0.10017
0.094125
0.088085
0.082045
0.076004
0.069964
0.063925
0.057886
0.051848
0.045811
0.039776
0.033743
0.027711
0.021682
0.015655
0.0096301
0.0036088
-0.0024089
-0.0084237
-0.014435
-0.020443
-0.026447
-0.032447
-0.038443
-0.044434
-0.05042
-0.056401
-0.062376
-0.068346
-0.07431
-0.080267
-0.086219
-0.092163
-0.0981
-0.10403
-0.10995
-0.11587
-0.12177
-0.12767
-0.13356
-0.13944
-0.14531
-0.15118
-0.15703
-0.16287
-0.1687
-0.17452
-0.18033
-0.18613
-0.19191
-0.19769
-0.20345
-0.2092
-0.21493
-0.22065
-0.22636
-0.23205
-0.23773
-0.2434
-0.24904
-0.25468
-0.26029
-0.26589
-0.27148
-0.27704
-0.28259
-0.28812
-0.29363
-0.29912
-0.3046
-0.31005
-0.31548
-0.3209
-0.32629
-0.33166
-0.337
-0.34233
-0.34763
-0.35291
-0.35816
-0.36339
-0.3686
-0.37378
-0.37893
-0.38406
-0.38916
-0.39423
-0.39928
-0.4043
-0.40928
-0.41424
-0.41917
-0.42406
-0.42893
-0.43376
-0.43856
-0.44333
-0.44807
-0.45277
-0.45743
-0.46206
-0.46665
-0.47121
-0.47573
-0.48021
-0.48465
-0.48906
-0.49342
-0.49774
-0.50202
-0.50626
-0.51046
-0.51461
-0.51872
-0.52278
-0.5268
-0.53077
-0.53469
-0.53857
-0.5424
-0.54617
-0.5499
-0.55358
-0.5572
-0.56077
-0.56429
-0.56775
-0.57116
-0.57452
-0.57781
-0.58105
-0.58423
-0.58735
-0.59041
-0.5934
-0.59634
-0.59921
-0.60201
-0.60475
-0.60743
-0.61004
-0.61257
-0.61504
-0.61744
-0.61977
-0.62202
-0.6242
-0.6263
-0.62833
-0.63027
-0.63214
-0.63393
-0.63564
-0.63726
-0.6388
-0.64026
-0.64162
-0.6429
-0.64408
-0.64518
-0.64618
-0.64708
-0.64789
-0.6486
-0.64921
-0.64972
-0.65012
-0.65041
-0.6506
-0.65068
-0.65064
-0.65049
-0.65023
-0.64984
-0.64933
-0.6487
-0.64794
-0.64705
-0.64604
-0.64488
-0.64359
-0.64216
-0.64059
-0.63887
-0.637
-0.63498
-0.63281
-0.63048
-0.62798
-0.62532
-0.6225
-0.6195
-0.61632
-0.61297
-0.60944
-0.60571
-0.60181
-0.5977
-0.5934
-0.58891
-0.5842
-0.57929
-0.57418
-0.56884
-0.5633
-0.55753
-0.55154
-0.54532
-0.53888
-0.5322
-0.5253
-0.51816
-0.51079
-0.50318
-0.49533
-0.48725
-0.47894
-0.47038
-0.4616
-0.45258
-0.44334
-0.43387
-0.42418
-0.41428
-0.40417
-0.39386
-0.38336
-0.37267
-0.36181
-0.35079
-0.33962
-0.32832
-0.31689
-0.30537
-0.29375
-0.28207
-0.27035
-0.25859
-0.24684
-0.2351
-0.2234
-0.21178
-0.20025
-0.18883
-0.17757
-0.16648
-0.15559
-0.14493
-0.13453
-0.12441
-0.11459
-0.10511
-0.09598
-0.087229
-0.078875
-0.070935
-0.063426
-0.05636
-0.049747
-0.043594
-0.037902
-0.032672
-0.027899
-0.023574
-0.019685
-0.016219
-0.013157
-0.010481
-0.0081705
-0.0062059
-0.0045653
-0.0032272
-0.0021632
-0.0013614
-0.00075902
-0.00040091
-0.00011403
-5.7435e-05
