4e+06
4.1005e+06
4.201e+06
4.3015e+06
4.402e+06
4.5025e+06
4.603e+06
4.7035e+06
4.804e+06
4.9045e+06
5.005e+06
5.1055e+06
5.206e+06
5.3065e+06
5.407e+06
5.5075e+06
5.608e+06
5.7085e+06
5.809e+06
5.9095e+06
6.0101e+06
6.1106e+06
6.2111e+06
6.3116e+06
6.4121e+06
6.5126e+06
6.6131e+06
6.7136e+06
6.8141e+06
6.9146e+06
7.0151e+06
7.1156e+06
7.2161e+06
7.3166e+06
7.4171e+06
7.5176e+06
7.6181e+06
7.7186e+06
7.8191e+06
7.9196e+06
8.0201e+06
8.1206e+06
8.2211e+06
8.3216e+06
8.4221e+06
8.5226e+06
8.6231e+06
8.7236e+06
8.8241e+06
8.9246e+06
9.0251e+06
9.1256e+06
9.2261e+06
9.3266e+06
9.4271e+06
9.5276e+06
9.6281e+06
9.7286e+06
9.8291e+06
9.9296e+06
1.003e+07
1.0131e+07
1.0231e+07
1.0332e+07
1.0432e+07
1.0533e+07
1.0633e+07
1.0734e+07
1.0834e+07
1.0935e+07
1.1035e+07
1.1136e+07
1.1236e+07
1.1337e+07
1.1437e+07
1.1538e+07
1.1638e+07
1.1739e+07
1.1839e+07
1.194e+07
1.204e+07
1.2141e+07
1.2241e+07
1.2342e+07
1.2442e+07
1.2543e+07
1.2643e+07
1.2744e+07
1.2844e+07
1.2945e+07
1.3045e+07
1.3146e+07
1.3246e+07
1.3347e+07
1.3447e+07
1.3548e+07
1.3648e+07
1.3749e+07
1.3849e+07
1.395e+07
1.405e+07
1.4151e+07
1.4251e+07
1.4352e+07
1.4452e+07
1.4553e+07
1.4653e+07
1.4754e+07
1.4854e+07
1.4955e+07
1.5055e+07
1.5156e+07
1.5256e+07
1.5357e+07
1.5457e+07
1.5558e+07
1.5658e+07
1.5759e+07
1.5859e+07
1.596e+07
1.606e+07
1.6161e+07
1.6261e+07
1.6362e+07
1.6462e+07
1.6563e+07
1.6663e+07
1.6764e+07
1.6864e+07
1.6965e+07
1.7065e+07
1.7166e+07
1.7266e+07
1.7367e+07
1.7467e+07
1.7568e+07
1.7668e+07
1.7769e+07
1.7869e+07
1.797e+07
1.807e+07
1.8171e+07
1.8271e+07
1.8372e+07
1.8472e+07
1.8573e+07
1.8673e+07
1.8774e+07
1.8874e+07
1.8975e+07
1.9075e+07
1.9176e+07
1.9276e+07
1.9377e+07
1.9477e+07
1.9578e+07
1.9678e+07
1.9779e+07
1.9879e+07
1.998e+07
2.008e+07
2.0181e+07
2.0281e+07
2.0382e+07
2.0482e+07
2.0583e+07
2.0683e+07
2.0784e+07
2.0884e+07
2.0985e+07
2.1085e+07
2.1186e+07
2.1286e+07
2.1387e+07
2.1487e+07
2.1588e+07
2.1688e+07
2.1789e+07
2.1889e+07
2.199e+07
2.209e+07
2.2191e+07
2.2291e+07
2.2392e+07
2.2492e+07
2.2593e+07
2.2693e+07
2.2794e+07
2.2894e+07
2.2995e+07
2.3095e+07
2.3196e+07
2.3296e+07
2.3397e+07
2.3497e+07
2.3598e+07
2.3698e+07
2.3799e+07
2.3899e+07
2.4e+07
