4000000
4250000
4500000
4750000
5000000
5250000
5500000
5750000
6000000
6250000
6500000
6750000
7000000
7250000
7500000
7750000
8000000
8250000
8500000
8750000
9000000
9250000
9500000
9750000
10000000
10250000
10500000
10750000
11000000
11250000
11500000
11750000
12000000
12250000
12500000
12750000
13000000
13250000
13500000
13750000
14000000
14250000
14500000
14750000
15000000
15250000
15500000
15750000
16000000
16250000
16500000
16750000
17000000
17250000
17500000
17750000
18000000
18250000
18500000
18750000
19000000
19250000
19500000
19750000
20000000
20250000
20500000
20750000
21000000
21250000
21500000
21750000
22000000
22250000
22500000
22750000
23000000
23250000
23500000
23750000